Human
-0.10541382431983948 -0.1332808881998062 2.1806819438934326 292 262
-0.15138578414916992 -0.08096883445978165 2.169903039932251 281 250
-0.37642908096313477 0.18514150381088257 2.1296133995056152 226 186
-0.5242688655853271 0.3319697082042694 2.1102397441864014 190 150
-0.27022695541381836 0.17436400055885315 2.049647092819214 249 187
-0.0956045389175415 0.2411075383424759 1.8891726732254028 293 166
0.06500102579593658 0.33496254682540894 1.7401996850967407 339 133
0.13587546348571777 0.3935542404651642 1.7138550281524658 361 113
-0.4780714213848114 0.10168527811765671 2.247253179550171 207 207
-0.5753071904182434 -0.013552227057516575 2.302332878112793 188 233
-0.68326735496521 0.02563389576971531 2.1542162895202637 153 224
-0.7236812114715576 0.038927752524614334 2.1454200744628906 143 220
-0.026249494403600693 -0.15216577053070068 2.18876314163208 310 267
0.365518182516098 -0.10421031713485718 2.1019017696380615 406 257
0.681011974811554 -0.14569267630577087 2.1921162605285645 476 266
0.7482839822769165 -0.18336401879787445 2.202458143234253 491 275
-0.12099886685609818 -0.18668484687805176 2.1746878623962402 288 275
-0.04279227927327156 -0.47551965713500977 2.1344733238220215 305 346
0.012837857939302921 -0.7636379599571228 2.1192221641540527 318 416
-0.030923867598176003 -0.8465416431427002 2.135941505432129 307 435
