Human
0.1473006159067154 0.2621656656265259 2.5036659240722656 355 192
0.14687643945217133 0.32399120926856995 2.559086561203003 354 181
0.1531825214624405 0.6794131398200989 2.5538196563720703 355 109
0.15124309062957764 0.8575887680053711 2.511533498764038 355 70
0.3096938729286194 0.5651876330375671 2.550928831100464 387 132
0.3631443679332733 0.30620643496513367 2.538516044616699 398 184
0.4021081030368805 0.10435013473033905 2.48142147064209 408 223
0.4062507748603821 0.025806576013565063 2.4502604007720947 410 240
-0.022242404520511627 0.5858979821205139 2.544426441192627 320 128
-0.22603310644626617 0.5698084831237793 2.4729104042053223 277 128
-0.21459507942199707 0.763098418712616 2.3830020427703857 278 82
-0.18218378722667694 0.8309536576271057 2.3975391387939453 285 68
0.21967492997646332 0.1873353123664856 2.4964632987976074 370 207
0.27156808972358704 -0.2568303942680359 2.527215003967285 380 298
0.2933323383331299 -0.6009844541549683 2.5256857872009277 385 367
0.31239375472068787 -0.6763253808021545 2.4709694385528564 390 386
0.07286007702350616 0.18912827968597412 2.4876861572265625 339 207
0.01622517965734005 -0.25562596321105957 2.5416488647460938 328 297
0.0014452461618930101 -0.6030993461608887 2.5625553131103516 326 366
-0.051533300429582596 -0.6731551885604858 2.504774808883667 315 383
