Human
-0.5188634395599365 0.007879186421632767 2.9037559032440186 224 229
-0.4861203134059906 0.0693119615316391 2.8732385635375977 230 218
-0.32068103551864624 0.3778403103351593 2.739405870437622 257 160
-0.18987560272216797 0.5012595653533936 2.69123911857605 281 135
-0.23593668639659882 0.31053709983825684 2.91007924079895 275 176
-0.09306944161653519 0.18050453066825867 2.956817626953125 301 200
0.06880704313516617 0.10410323739051819 2.900773763656616 329 213
0.12793639302253723 0.08005118370056152 2.88106107711792 340 217
-0.4438946843147278 0.27623504400253296 2.673259735107422 232 177
-0.287921279668808 0.1291845589876175 2.5236408710479736 258 204
-0.0875561535358429 0.08660704642534256 2.4830970764160156 298 213
-0.021818334236741066 0.08396027237176895 2.4793059825897217 312 214
-0.5039653778076172 -0.03957327455282211 2.943479537963867 229 237
-0.544842541217804 -0.4261828660964966 3.029392957687378 224 303
-0.598513662815094 -0.6757385730743408 3.0476930141448975 214 344
-0.5526434779167175 -0.7385414838790894 3.076690196990967 223 354
-0.5804006457328796 -0.03229501470923424 2.900404930114746 213 236
-0.6323040723800659 -0.37733766436576843 2.7048096656799316 196 302
-0.6936995387077332 -0.6512768268585205 2.6439924240112305 181 357
-0.6721287965774536 -0.7250244617462158 2.619338274002075 183 373
