Human
0.03471211716532707 0.092283234000206 2.44830322265625 324 212
0.06214326247572899 0.15106813609600067 2.4943554401397705 330 200
0.05271224305033684 0.4888134300708771 2.493398666381836 329 131
-6.031119264662266E-4 0.668944239616394 2.51435923576355 317 95
0.16852501034736633 0.38010674715042114 2.4170114994049072 353 151
0.3746393024921417 0.20757168531417847 2.3767361640930176 398 187
0.389019250869751 -0.01757325790822506 2.3475072383880615 402 236
0.38265037536621094 -0.09021864831447601 2.3591692447662354 400 251
-0.11915747076272964 0.4146089255809784 2.596015214920044 293 149
-0.2971875071525574 0.534376323223114 2.5916597843170166 259 125
-0.16152118146419525 0.6922129988670349 2.5330283641815186 285 90
-0.15982529520988464 0.7021637558937073 2.519562005996704 285 87
0.10236574709415436 0.0272842850536108 2.4008922576904297 339 225
0.14283281564712524 -0.39681583642959595 2.327913522720337 348 319
0.302043616771698 -0.7466764450073242 2.4722752571105957 378 387
0.2929031252861023 -0.806757926940918 2.4330248832702637 377 402
-0.03912185877561569 0.010354045778512955 2.4737448692321777 308 229
-0.16611282527446747 -0.3794228136539459 2.4096860885620117 280 311
-0.21670052409172058 -0.7378732562065125 2.429807424545288 270 387
-0.2670751214027405 -0.8016665577888489 2.4217162132263184 258 402
