Human
0.1239476352930069 0.0880160927772522 2.058184862136841 356 224
0.13470326364040375 0.14823192358016968 2.0998921394348145 357 209
0.16578245162963867 0.47317567467689514 2.0802111625671387 365 129
0.14334115386009216 0.6588481664657593 2.0404245853424072 361 80
0.31256088614463806 0.3529118001461029 2.0539233684539795 402 157
0.48304811120033264 0.21136164665222168 2.0331015586853027 446 192
0.5350916981697083 0.39786970615386963 1.9196430444717407 469 139
0.5539209246635437 0.48926451802253723 1.8849096298217773 476 112
-0.012334540486335754 0.37263235449790955 2.0949134826660156 321 155
-0.21819999814033508 0.34885427355766296 2.084815263748169 271 160
-0.27138209342956543 0.5416319370269775 2.0131514072418213 255 108
-0.2576525807380676 0.6065736413002014 2.017446994781494 259 92
0.19353073835372925 0.007860003039240837 2.0393588542938232 374 243
0.12817788124084473 -0.3228679597377777 1.9020699262619019 361 332
0.07518315315246582 -0.6872326135635376 1.982039213180542 346 424
0.06266655772924423 -0.7159137725830078 1.9047151803970337 343 438
0.0389036200940609 0.021319326013326645 2.06278657913208 334 241
-0.3090904653072357 -0.015002097934484482 1.9260302782058716 243 250
-0.41528698801994324 -0.39692744612693787 1.8989778757095337 214 353
-0.4490388333797455 -0.44957998394966125 1.8595105409622192 202 370
