Human
0.1154944971203804 0.08011642098426819 2.50639271736145 341 215
0.12832200527191162 0.1397220492362976 2.548433780670166 343 203
0.10526563972234726 0.4616532325744629 2.536424398422241 339 138
0.04420497268438339 0.6507914662361145 2.5223581790924072 327 99
0.2637816071510315 0.3908486068248749 2.48018741607666 372 150
0.4682426154613495 0.34710171818733215 2.391394853591919 417 158
0.5043762922286987 0.4991677701473236 2.238487958908081 433 117
0.4940865933895111 0.4824983775615692 2.225383996963501 431 121
-0.06638175249099731 0.3487415015697479 2.598560094833374 304 162
-0.25923261046409607 0.26692500710487366 2.5747365951538086 265 177
-0.40054163336753845 0.2842238247394562 2.4051332473754883 231 170
-0.44588619470596313 0.26607421040534973 2.3275978565216064 218 172
0.19692879915237427 0.010653047822415829 2.4621310234069824 358 229
0.16673947870731354 -0.3866376280784607 2.3307790756225586 352 316
0.24993322789669037 -0.7445528507232666 2.4687912464141846 367 387
0.28496795892715454 -0.797707200050354 2.4368762969970703 375 400
0.03698761761188507 -0.013212830759584904 2.533038377761841 324 233
-0.16039180755615234 -0.34166470170021057 2.42275071144104 282 303
-0.1009075716137886 -0.7422720193862915 2.4021592140197754 294 390
-0.14045582711696625 -0.8009824752807617 2.3935649394989014 285 403
